EMTYPE: Choose between 'embcm' and 'embcm_0.05'
IMTYPE: Choose among 'imbcm', 'imbcm_ndist', 'csbcm' and 'csbcm_ndist'
# of regions: 13 or 15?
Global
TOA:
EM: 
Standalone Model:   [-0.57792181 -0.63286918 -0.73263413 -0.83385426 -1.00888109 -1.39234829
 -1.58389497]
One-Layer SModel:   [-0.62833238 -0.69231611 -0.80758769 -0.92364266 -1.1382781  -1.6341529
 -1.91682301]
CS: 
Standalone Model:   [-0.40551484 -0.43465468 -0.50150192 -0.5882861  -0.73897272 -1.04264402
 -1.1175307 ]
One-Layer SModel:   [-0.32108376 -0.35497999 -0.43154854 -0.52881727 -0.71062602 -1.08213245
 -1.18258572]
dRF_TOA:  
STandalone Model: 
[ 0.17240699  0.19821453  0.23113221  0.24556817  0.2699084   0.34970421
  0.46636432]
One-Layer SModel:   [ 0.30724862  0.33733611  0.37603916  0.39482539  0.42765209  0.55202046
  0.73423728]
Ratio:  [ 0.56113185  0.58758764  0.61464931  0.62196652  0.63114014  0.63349864
  0.63516841]
SFC:
EM: 
Standalone Model:   [-0.89763343 -0.97996795 -1.10764682 -1.21200335 -1.39612174 -1.87207317
 -2.2530334 ]
One-Layer SModel:   [-1.19524795 -1.31644248 -1.51125258 -1.68078492 -1.99651576 -2.79911925
 -3.38877677]
CS: 
Standalone Model:   [-1.7375555  -1.94733822 -2.22754121 -2.41450238 -2.73208809 -3.61323667
 -4.51632166]
One-Layer SModel:   [-1.58575527 -1.74433245 -1.98473918 -2.17413959 -2.52895928 -3.49621295
 -4.30727012]
dRF_sfc:  
STandalone Model: 
[-0.83992201 -0.96737027 -1.11989427 -1.20249903 -1.33596623 -1.74116349
 -2.26328826]
One-Layer SModel:   [-0.39050732 -0.42788997 -0.4734866  -0.49335467 -0.53244352 -0.6970937
 -0.91849335]
Ratio:              [ 2.15084831  2.26079212  2.36520794  2.43739264  2.50912289  2.4977467
  2.46413135]



Eastern Asia
TOA:
EM: 
Standalone Model:   [-0.14614703 -0.15872762 -0.215616   -0.34136137 -0.75954878 -1.68126476
 -2.56680822]
One-Layer SModel:   [-0.16154509 -0.1806317  -0.2410577  -0.38037461 -0.86983335 -1.98463799
 -3.19634779]
CS: 
Standalone Model:   [ 0.14936197  0.16295345  0.15907812  0.1199246  -0.09090278 -0.53065079
 -0.62344491]
One-Layer SModel:   [ 0.09609766  0.09516409  0.08597376  0.0374098  -0.21481635 -0.79522869
 -1.2113779 ]
dRF_TOA:  
STandalone Model: 
[ 0.29550913  0.32168096  0.37469432  0.46128586  0.6686455   1.15061378
  1.94336355]
One-Layer SModel:   [ 0.25764275  0.2757958   0.32703146  0.41778441  0.655017    1.1894093
  1.98496989]
Ratio:  [ 1.14697243  1.1663737   1.14574396  1.10412415  1.02080634  0.96738254
  0.97903931]
SFC:
EM: 
Standalone Model:   [-0.59673727 -0.64563209 -0.74353176 -0.93019193 -1.48662448 -2.81219554
 -4.40673733]
One-Layer SModel:   [-0.70812432 -0.77188174 -0.89898297 -1.16258069 -1.99968666 -4.02752715
 -6.56962229]
CS: 
Standalone Model:   [ -1.58654308  -1.71314216  -1.99042773  -2.47704697  -3.79705429
  -6.84158278 -10.87697506]
One-Layer SModel:   [-1.01495427 -1.10072704 -1.27397027 -1.61159121 -2.63055773 -5.12908563
 -8.40362716]
dRF_sfc:  
STandalone Model: 
[-0.98980552 -1.06751013 -1.24689591 -1.5468545  -2.310431   -4.02938795
 -6.47023439]
One-Layer SModel:   [-0.30682995 -0.3288453  -0.3749873  -0.44901052 -0.63087107 -1.10155848
 -1.83400487]
Ratio:              [ 3.22590907  3.24623805  3.32516837  3.44502953  3.66228714  3.65789743
  3.5279265 ]



Southeastern Asia
TOA:
EM: 
Standalone Model:   [-1.22783828 -1.23249006 -1.31704378 -1.43893194 -1.64176404 -2.33450484
 -3.62669039]
One-Layer SModel:   [-1.53121465 -1.53718053 -1.65236679 -1.81955844 -2.10676291 -3.18003445
 -5.30083804]
CS: 
Standalone Model:   [-0.86068487 -0.8435443  -0.88559258 -0.92199224 -0.96314603 -0.98509258
 -0.91368014]
One-Layer SModel:   [-1.09502121 -1.06357154 -1.12752339 -1.19916765 -1.30914876 -1.67595696
 -2.51036243]
dRF_TOA:  
STandalone Model: 
[ 0.36715323  0.38894588  0.43145117  0.51694012  0.67861784  1.3494122
  2.71301079]
One-Layer SModel:   [ 0.43619344  0.473609    0.5248434   0.62039079  0.79761416  1.50407749
  2.7904756 ]
Ratio:  [ 0.84172111  0.82123836  0.82205697  0.83324918  0.85080967  0.89716934
  0.97223957]
SFC:
EM: 
Standalone Model:   [-1.628914   -1.66306055 -1.78276813 -2.00070095 -2.41698027 -3.99171782
 -6.67387009]
One-Layer SModel:   [ -2.65170461  -2.69899191  -2.91001764  -3.25994432  -3.92674582
  -6.52445385 -11.24698562]
CS: 
Standalone Model:   [ -3.38491416  -3.5404954   -3.86070275  -4.44698286  -5.53816795
  -9.7290659  -17.18084717]
One-Layer SModel:   [ -3.18210126  -3.2598774   -3.52059303  -3.97536894  -4.85934587
  -8.34814676 -14.64583055]
dRF_sfc:  
STandalone Model: 
[ -1.75599968  -1.8774358   -2.07793427  -2.44628143  -3.12118697
  -5.7373476  -10.50697613]
One-Layer SModel:   [-0.53039665 -0.56088549 -0.61057539 -0.71542462 -0.93260005 -1.82369291
 -3.39884493]
Ratio:              [ 3.31072923  3.34727109  3.40323946  3.41934198  3.34675833  3.14600531
  3.09133731]



Southern Asia
TOA:
EM: 
Standalone Model:   [-0.27823439 -0.32004339 -0.40321365 -0.5085243  -0.90700179 -1.6601541
 -2.8533659 ]
One-Layer SModel:   [-0.37777204 -0.4461094  -0.56895441 -0.72579023 -1.32953948 -2.41752328
 -4.2188407 ]
CS: 
Standalone Model:   [ 0.12852722  0.12526982  0.10295129  0.06664839 -0.19005209 -0.71132982
 -1.16802859]
One-Layer SModel:   [ 0.06780426  0.04684105 -0.00304282 -0.07422072 -0.46126083 -1.27914517
 -2.23722321]
dRF_TOA:  
STandalone Model: 
[ 0.40676162  0.44531322  0.50616491  0.57517266  0.71694994  0.94882441
  1.68533766]
One-Layer SModel:   [ 0.4455763   0.49295045  0.56591158  0.65156951  0.86827864  1.13837811
  1.98161749]
Ratio:  [ 0.91288881  0.90336304  0.89442401  0.8827495   0.82571413  0.83348792
  0.85048586]
SFC:
EM: 
Standalone Model:   [-1.22917581 -1.31294584 -1.44951916 -1.64839125 -2.10831833 -2.87036753
 -4.85595894]
One-Layer SModel:   [-1.59855109 -1.74263814 -1.96821297 -2.29487005 -3.20467079 -4.71881984
 -8.16212003]
CS: 
Standalone Model:   [ -2.56123638  -2.76429749  -3.09357715  -3.51753116  -4.4620924
  -6.07932043 -10.27230167]
One-Layer SModel:   [-1.97240172 -2.15127635 -2.42259415 -2.80795353 -3.83687461 -5.51445593
 -9.52923078]
dRF_sfc:  
STandalone Model: 
[-1.33206165 -1.45135117 -1.64405704 -1.86913931 -2.35377431 -3.20895314
 -5.41634274]
One-Layer SModel:   [-0.37385062 -0.40863821 -0.45438117 -0.51308348 -0.63220382 -0.79563609
 -1.36711075]
Ratio:              [ 3.56308529  3.5516776   3.61823319  3.64295358  3.72312575  4.03319204
  3.96189023]



Northern America
TOA:
EM: 
Standalone Model:   [-0.1445794  -0.29858637 -0.63888705 -0.90477794 -1.15480626 -1.69116056
 -1.54917371]
One-Layer SModel:   [-0.08066236 -0.22780341 -0.57949931 -0.85641296 -1.12536902 -1.73030002
 -1.54990284]
CS: 
Standalone Model:   [ 0.23211668  0.27110586  0.13007221 -0.17540997 -0.54316485 -1.19000733
 -1.02316236]
One-Layer SModel:   [ 0.22395889  0.26258376  0.12123927 -0.17992017 -0.59626203 -1.35655183
 -1.08646297]
dRF_TOA:  
STandalone Model: 
[ 0.37669572  0.56969148  0.76895857  0.72936791  0.61164182  0.50115377
  0.52601087]
One-Layer SModel:   [ 0.30462126  0.49038717  0.70073858  0.67649279  0.52910699  0.37374818
  0.46343987]
Ratio:  [ 1.23660352  1.16171776  1.09735441  1.07816066  1.15598893  1.34088616
  1.13501428]
SFC:
EM: 
Standalone Model:   [-0.66681951 -0.95643795 -1.37522113 -1.49936426 -1.54757142 -1.88810849
 -1.84374809]
One-Layer SModel:   [-0.64302276 -1.00802353 -1.60113261 -1.85215621 -2.01605975 -2.66380383
 -2.51496571]
CS: 
Standalone Model:   [-1.66195083 -2.46532798 -3.44530392 -3.51874232 -3.31553388 -3.38086367
 -3.40351796]
One-Layer SModel:   [-0.93993092 -1.43851676 -2.15478672 -2.36694975 -2.44173964 -3.02181311
 -2.9374527 ]
dRF_sfc:  
STandalone Model: 
[-0.9951297  -1.5088886  -2.07008338 -2.01937604 -1.76796436 -1.49275649
 -1.55977297]
One-Layer SModel:   [-0.29690815 -0.43049323 -0.55365411 -0.51479355 -0.4256799  -0.35800928
 -0.42248698]
Ratio:              [ 3.35164156  3.50502283  3.73894704  3.92269106  4.1532719   4.16960275
  3.69188408]



Central America
TOA:
EM: 
Standalone Model:   [-0.85815966 -0.95889288 -1.3113414  -1.59267879 -1.96481049 -2.78652
 -3.50521636]
One-Layer SModel:   [-1.15098859 -1.29991606 -1.84860069 -2.26638936 -2.85021232 -4.19437081
 -5.47692   ]
CS: 
Standalone Model:   [-0.56612027 -0.64067125 -0.94517332 -1.24886656 -1.61295128 -2.18828201
 -2.70954013]
One-Layer SModel:   [-0.74894271 -0.85540295 -1.34706145 -1.8175276  -2.37907764 -3.45873146
 -4.41606841]
dRF_TOA:  
STandalone Model: 
[ 0.29203936  0.31822178  0.36616799  0.34381238  0.35185897  0.59823793
  0.79567653]
One-Layer SModel:   [ 0.40204587  0.44451311  0.50153924  0.44886176  0.47113469  0.73563935
  1.06085159]
Ratio:  [ 0.72638319  0.7158884   0.73008842  0.76596496  0.74683309  0.81322176
  0.75003567]
SFC:
EM: 
Standalone Model:   [-1.30038726 -1.42932856 -1.79470265 -1.97221994 -2.33233571 -3.37574673
 -4.37584305]
One-Layer SModel:   [-2.03950701 -2.28082847 -3.05893642 -3.53864054 -4.34569342 -6.47253706
 -8.5671938 ]
CS: 
Standalone Model:   [-2.41495609 -2.66693807 -3.28381634 -3.47180128 -3.94429207 -5.89101982
 -7.61087465]
One-Layer SModel:   [-2.3717333  -2.64685709 -3.49759127 -3.9869419  -4.85031404 -7.19857778
 -9.61688383]
dRF_sfc:  
STandalone Model: 
[-1.11456835 -1.23760891 -1.48911381 -1.4995811  -1.61195612 -2.51527309
 -3.23503304]
One-Layer SModel:   [-0.33222629 -0.36602862 -0.43865485 -0.44830136 -0.50462062 -0.72604071
 -1.04969003]
Ratio:              [ 3.35484692  3.38118071  3.39472776  3.34502915  3.19439209  3.46436922
  3.08189366]



South America
TOA:
EM: 
Standalone Model:   [-0.41006577 -0.41995093 -0.45365047 -0.51517183 -0.61448812 -0.91233844
 -1.14202201]
One-Layer SModel:   [-0.62599485 -0.63727582 -0.68326854 -0.77322378 -0.92362984 -1.42997611
 -1.80614563]
CS: 
Standalone Model:   [ 0.0653683   0.05365805  0.03299622 -0.00359153 -0.03468054 -0.08615822
 -0.06022564]
One-Layer SModel:   [-0.11058512 -0.11805718 -0.14525653 -0.19965485 -0.26418943 -0.46113722
 -0.56494039]
dRF_TOA:  
STandalone Model: 
[ 0.47543404  0.47360876  0.48664647  0.51158035  0.5798074   0.82618064
  1.08179665]
One-Layer SModel:   [ 0.51540973  0.51921864  0.53801201  0.57356893  0.65944041  0.96883889
  1.24120523]
Ratio:  [ 0.922439    0.9121567   0.90452715  0.89192479  0.87924154  0.85275338
  0.87156952]
SFC:
EM: 
Standalone Model:   [-1.21024776 -1.21934378 -1.25144804 -1.31880105 -1.5038687  -2.18100905
 -2.76140356]
One-Layer SModel:   [-1.76657065 -1.78082008 -1.84524114 -1.9767543  -2.28275942 -3.42869779
 -4.34946215]
CS: 
Standalone Model:   [-2.81529713 -2.83364296 -2.9251008  -3.08974981 -3.51954699 -5.0239501
 -6.44182968]
One-Layer SModel:   [-2.3648069  -2.37655999 -2.45372521 -2.6076613  -2.99251728 -4.44626602
 -5.66008436]
dRF_sfc:  
STandalone Model: 
[-1.60504889 -1.6142993  -1.67365205 -1.77094972 -2.01567769 -2.84294295
 -3.68042469]
One-Layer SModel:   [-0.59823625 -0.59573992 -0.60848408 -0.630907   -0.70975786 -1.01756823
 -1.31062221]
Ratio:              [ 2.68296831  2.70973835  2.75052728  2.80699014  2.83995122  2.79385977
  2.80815071]



Europe
TOA:
EM: 
Standalone Model:   [-0.85516554 -1.59503067 -2.21676397 -2.722121   -3.76527882 -6.06372356
 -5.6488018 ]
One-Layer SModel:   [-0.65844953 -1.41790555 -2.04239211 -2.64209091 -3.80537728 -6.58340978
 -6.05217903]
CS: 
Standalone Model:   [-0.0671545  -0.33166853 -0.585356   -0.93820703 -1.92664063 -4.11056852
 -4.05238247]
One-Layer SModel:   [-0.13142865 -0.50010485 -0.83873967 -1.29437974 -2.44288442 -5.19260544
 -4.89645037]
dRF_TOA:  
STandalone Model: 
[ 0.78801107  1.26336229  1.63140821  1.78391314  1.83863783  1.95315588
  1.59641933]
One-Layer SModel:   [ 0.52702089  0.9178007   1.20365244  1.34771117  1.36249285  1.39080434
  1.15572867]
Ratio:  [ 1.49521792  1.37651048  1.35538147  1.32366131  1.34946603  1.40433548
  1.3813098 ]
SFC:
EM: 
Standalone Model:   [-1.58067274 -2.70136189 -3.60354471 -4.17861509 -5.02463198 -7.09538031
 -6.44839811]
One-Layer SModel:   [ -1.68907068  -3.2070812   -4.41034326  -5.35112845  -6.81396029
 -10.57841127  -9.5623153 ]
CS: 
Standalone Model:   [ -4.66262531  -7.57909107  -9.81379604 -10.94335461 -12.06002617
 -14.42246246 -12.59518623]
One-Layer SModel:   [ -2.24636506  -4.12408966  -5.59740994  -6.65742526  -8.1563091
 -12.19715947 -10.95534893]
dRF_sfc:  
STandalone Model: 
[-3.08195353 -4.87772846 -6.21025276 -6.7647438  -7.03539896 -7.32708311
 -6.14679098]
One-Layer SModel:   [-0.55729439 -0.91700846 -1.18706669 -1.30629681 -1.34234881 -1.6187482
 -1.39303363]
Ratio:              [ 5.53020737  5.31917497  5.23159552  5.17856567  5.24111089  4.52638842
  4.4125216 ]



Northern Africa
TOA:
EM: 
Standalone Model:   [-0.16197941 -0.24765664 -0.34203148 -0.42841935 -0.73187751 -1.36011446
 -1.61720777]
One-Layer SModel:   [-0.31814244 -0.49788353 -0.67420124 -0.82988404 -1.33548782 -2.46416093
 -2.87630056]
CS: 
Standalone Model:   [ 0.22722225  0.22489017  0.21989562  0.18547633 -0.11241873 -0.49867141
 -0.52556831]
One-Layer SModel:   [ 0.15211101  0.07640804 -0.00431714 -0.11191941 -0.55823201 -1.52728898
 -1.60908959]
dRF_TOA:  
STandalone Model: 
[ 0.38920161  0.47254679  0.56192696  0.61389583  0.61945891  0.86144304
  1.09164   ]
One-Layer SModel:   [ 0.47025345  0.57429157  0.6698841   0.71796463  0.77725581  0.93687195
  1.26721097]
Ratio:  [ 0.82764222  0.82283427  0.83884207  0.85505025  0.79698204  0.91948856
  0.86145087]
SFC:
EM: 
Standalone Model:   [-0.91212261 -1.08262801 -1.25834036 -1.38936138 -1.66642678 -2.35266733
 -2.95333481]
One-Layer SModel:   [-1.22506032 -1.56929328 -1.90665169 -2.16587949 -2.84381267 -4.47137517
 -5.43460972]
CS: 
Standalone Model:   [-1.63167918 -1.92648995 -2.24816012 -2.47657442 -2.84303856 -3.91760111
 -5.00756502]
One-Layer SModel:   [-1.47716709 -1.87070238 -2.25525988 -2.54627271 -3.28635072 -5.07185775
 -6.20251844]
dRF_sfc:  
STandalone Model: 
[-0.71955645 -0.84386134 -0.98981977 -1.08721292 -1.17661262 -1.56493235
 -2.05423284]
One-Layer SModel:   [-0.25210677 -0.3014091  -0.34860819 -0.38039322 -0.44253805 -0.60048258
 -0.76790872]
Ratio:              [ 2.85417349  2.79972085  2.83934739  2.85812906  2.65878291  2.60612449
  2.67510028]



Western Africa
TOA:
EM: 
Standalone Model:   [-0.22675326 -0.34538803 -0.45229363 -0.56189406 -0.95788229 -1.75479889
 -2.20560074]
One-Layer SModel:   [-0.40729068 -0.59220251 -0.77233286 -0.94999215 -1.54654621 -2.88357674
 -3.66871839]
CS: 
Standalone Model:   [ 0.37605444  0.33556807  0.30800375  0.29230043  0.02076998 -0.40206963
 -0.40310615]
One-Layer SModel:   [ 0.24716006  0.15217278  0.06620573 -0.01732175 -0.44165735 -1.3795254
 -1.66623809]
dRF_TOA:  
STandalone Model: 
[ 0.60280758  0.68095607  0.76029736  0.85419458  0.97865236  1.35272956
  1.802495  ]
One-Layer SModel:   [ 0.65445074  0.74437529  0.83853859  0.93267039  1.10488886  1.50405134
  2.00248031]
Ratio:  [ 0.92108931  0.91480209  0.90669334  0.91585901  0.88574733  0.89939055
  0.9001312 ]
SFC:
EM: 
Standalone Model:   [-1.49067903 -1.62945843 -1.81252813 -2.03444552 -2.45157957 -3.48034024
 -4.44319201]
One-Layer SModel:   [-2.01898625 -2.31019373 -2.66743963 -3.04488834 -3.95524144 -6.17032478
 -7.91640948]
CS: 
Standalone Model:   [-3.06502247 -3.42617321 -3.80162191 -4.27695322 -5.13896513 -7.15611315
 -9.24030972]
One-Layer SModel:   [-2.49550567 -2.83679855 -3.25258406 -3.69773234 -4.72012916 -7.2261025
 -9.29825829]
dRF_sfc:  
STandalone Model: 
[-1.57434249 -1.79671597 -1.98909521 -2.24250841 -2.68738556 -3.67577434
 -4.79711866]
One-Layer SModel:   [-0.47651942 -0.52660483 -0.58514443 -0.652844   -0.76488772 -1.05577771
 -1.38184881]
Ratio:              [ 3.30383699  3.41188665  3.3993235   3.43498358  3.51343797  3.48157978
  3.47152209]



Eastern Africa
TOA:
EM: 
Standalone Model:   [-0.35331169 -0.36926222 -0.39951989 -0.48139238 -0.70979255 -1.17732966
 -1.42000794]
One-Layer SModel:   [-0.51432417 -0.52940058 -0.57572504 -0.67781969 -0.96482744 -1.57260664
 -1.91097905]
CS: 
Standalone Model:   [ 0.2108234   0.1986721   0.21299101  0.18265462  0.06392097 -0.20115849
 -0.12605765]
One-Layer SModel:   [ 0.03073519  0.02818233  0.02598264 -0.01123106 -0.15064978 -0.51487582
 -0.53214809]
dRF_TOA:  
STandalone Model: 
[ 0.56413513  0.56793427  0.6125108   0.66404694  0.77371341  0.97617108
  1.29395044]
One-Layer SModel:   [ 0.54505936  0.55758291  0.60170768  0.66658863  0.81417767  1.05773082
  1.37883096]
Ratio:  [ 1.03499762  1.0185647   1.0179541   0.99618702  0.95030046  0.92289177
  0.93844023]
SFC:
EM: 
Standalone Model:   [-1.46149945 -1.48144352 -1.58137703 -1.71234465 -2.03732848 -2.65456557
 -3.39909863]
One-Layer SModel:   [-1.81046104 -1.83361172 -1.96733979 -2.16784507 -2.6757224  -3.67963584
 -4.70120354]
CS: 
Standalone Model:   [-3.38125753 -3.4221468  -3.6641295  -3.97800565 -4.6866889  -5.9893384
 -7.73286152]
One-Layer SModel:   [-2.45020229 -2.48134375 -2.6610267  -2.91362921 -3.52596099 -4.68751578
 -6.05291389]
dRF_sfc:  
STandalone Model: 
[-1.91975844 -1.94070411 -2.08275199 -2.26566124 -2.64936066 -3.33477306
 -4.33376217]
One-Layer SModel:   [-0.63974125 -0.64773203 -0.6936869  -0.74578413 -0.85023859 -1.00787994
 -1.35171035]
Ratio:              [ 3.0008358   2.99615278  3.0024381   3.0379585   3.11602026  3.3087007
  3.20613227]



Southern Africa
TOA:
EM: 
Standalone Model:   [-0.13033098 -0.1379267  -0.21436359 -0.36100611 -0.77546674 -1.51748025
 -1.83541965]
One-Layer SModel:   [-0.25901416 -0.26317157 -0.36325428 -0.55730269 -1.1085706  -2.13858279
 -2.55813058]
CS: 
Standalone Model:   [ 0.28586698  0.26216176  0.22854505  0.15775353 -0.09059179 -0.481002
 -0.61144859]
One-Layer SModel:   [ 0.07677788  0.06691515  0.01236978 -0.10005864 -0.47932901 -1.16711653
 -1.39159617]
dRF_TOA:  
STandalone Model: 
[ 0.41619802  0.40008843  0.44290864  0.51875979  0.68487507  1.03647816
  1.22397113]
One-Layer SModel:   [ 0.33579204  0.33008671  0.37562406  0.45724406  0.6292416   0.97146627
  1.16653442]
Ratio:  [ 1.23945171  1.2120707   1.17912747  1.13453588  1.08841354  1.06692141
  1.04923705]
SFC:
EM: 
Standalone Model:   [-0.97442013 -0.93719804 -1.04813814 -1.2418381  -1.74438798 -2.82737732
 -3.43755794]
One-Layer SModel:   [-1.13283006 -1.10433805 -1.2751325  -1.58783755 -2.43090591 -4.15597847
 -5.02203263]
CS: 
Standalone Model:   [-2.16308475 -2.08960629 -2.35231304 -2.78897333 -3.83413601 -5.92307091
 -7.0523448 ]
One-Layer SModel:   [-1.46853761 -1.43173467 -1.6324831  -1.99897419 -2.96128793 -4.9591372
 -6.00272475]
dRF_sfc:  
STandalone Model: 
[-1.18866432 -1.152408   -1.3041749  -1.54713523 -2.08974838 -3.09569454
 -3.61478662]
One-Layer SModel:   [-0.33570755 -0.32739662 -0.3573506  -0.41113664 -0.53038202 -0.80315873
 -0.98069212]
Ratio:              [ 3.54077325  3.51991415  3.64956684  3.76306823  3.94008152  3.85439942
  3.6859546 ]



Middle Africa
TOA:
EM: 
Standalone Model:   [ 0.05344503  0.01903422 -0.01615555 -0.16095075 -0.3788923  -0.71698707
 -0.74760854]
One-Layer SModel:   [-0.36394736 -0.43975403 -0.52289077 -0.77948747 -1.23079001 -2.16245898
 -2.54948187]
CS: 
Standalone Model:   [ 1.31008041  1.33860373  1.36868405  1.40325487  1.49849105  1.91363275
  2.49788857]
One-Layer SModel:   [ 0.72077427  0.72297414  0.72411385  0.6771387   0.62890504  0.62285118
  0.85115585]
dRF_TOA:  
STandalone Model: 
[ 1.25663555  1.31956947  1.38483965  1.56420517  1.87738323  2.63061976
  3.24549842]
One-Layer SModel:   [ 1.08472162  1.16272818  1.24700462  1.45662617  1.85969505  2.78531016
  3.40063772]
Ratio:  [ 1.15848667  1.13489076  1.1105329   1.07385491  1.00951134  0.94446206
  0.95437935]
SFC:
EM: 
Standalone Model:   [-3.02685404 -3.12712193 -3.24369097 -3.53125167 -4.2309289  -6.0970726
 -7.37673569]
One-Layer SModel:   [ -3.77034766  -3.95712823  -4.16057318  -4.67070628  -5.86645574
  -8.9747489  -10.83317778]
CS: 
Standalone Model:   [ -6.63346386  -6.91195011  -7.19516754  -7.98421383  -9.58749676
 -13.43238544 -16.32329369]
One-Layer SModel:   [ -5.13603371  -5.38762943  -5.65988388  -6.32114132  -7.84728873
 -11.82640588 -14.33335863]
dRF_sfc:  
STandalone Model: 
[-3.60661125 -3.78482723 -3.95147729 -4.45296097 -5.35656595 -7.33531475
 -8.94656086]
One-Layer SModel:   [-1.36568605 -1.4305012  -1.4993107  -1.65043504 -1.98083299 -2.85165698
 -3.50018085]
Ratio:              [ 2.64087874  2.64580501  2.63552931  2.69805286  2.70419868  2.57229912
  2.55602817]



Pacific Warm Pool
TOA:
EM: 
Standalone Model:   [-1.35481918 -1.37327623 -1.4395678  -1.5534656  -1.6428169  -2.17865515
 -3.1783843 ]
One-Layer SModel:   [-1.84436228 -1.87570926 -1.96854237 -2.13562164 -2.25530436 -3.08375484
 -4.85796844]
CS: 
Standalone Model:   [-1.19626606 -1.19900954 -1.24692142 -1.32748461 -1.36582351 -1.61781716
 -1.80851328]
One-Layer SModel:   [-1.54755439 -1.54658444 -1.60269129 -1.70556257 -1.72804012 -2.1488361
 -2.99809873]
dRF_TOA:  
STandalone Model: 
[ 0.15855402  0.17426689  0.19264674  0.22598085  0.27699336  0.56083769
  1.36987042]
One-Layer SModel:   [ 0.29680789  0.32912482  0.36585108  0.43005908  0.52726424  0.93491874
  1.85986971]
Ratio:  [ 0.53419746  0.52948571  0.52657147  0.52546466  0.5253407   0.59987854
  0.73654107]
SFC:
EM: 
Standalone Model:   [-1.57554376 -1.62449074 -1.72293591 -1.89264429 -2.07207179 -3.04026175
 -5.17869377]
One-Layer SModel:   [-2.93415907 -3.02109001 -3.19438864 -3.50408341 -3.78744968 -5.50936134
 -9.4687409 ]
CS: 
Standalone Model:   [ -3.16473889  -3.33884716  -3.59736896  -4.03615952  -4.58669853
  -7.32280445 -13.40231609]
One-Layer SModel:   [ -3.36090989  -3.48580092  -3.700126    -4.0792562   -4.4552463
  -6.68157486 -11.95887494]
dRF_sfc:  
STandalone Model: 
[-1.58919489 -1.71435618 -1.87443197 -2.14351463 -2.51462817 -4.2825408
 -8.22362709]
One-Layer SModel:   [-0.42675082 -0.46471091 -0.50573736 -0.57517278 -0.66779662 -1.17221352
 -2.49013405]
Ratio:              [ 3.72394106  3.68908102  3.70633475  3.72673168  3.7655599   3.65337946
  3.3024837 ]



Arctic
TOA:
EM: 
Standalone Model:   [-0.11560135 -0.14049628 -0.17093931 -0.20279607 -0.2818962  -0.42087403
 -0.41408145]
One-Layer SModel:   [-0.02607928 -0.02700712 -0.03388896 -0.04517009 -0.07190719 -0.1195439
 -0.11622321]
CS: 
Standalone Model:   [ 0.00119826  0.01551531  0.00761956 -0.03629556 -0.11063893 -0.23162425
 -0.20088726]
One-Layer SModel:   [ 0.03024363  0.04859363  0.05365983  0.03572852  0.01017722 -0.03463745
 -0.02131774]
dRF_TOA:  
STandalone Model: 
[ 0.1167996   0.15601149  0.1785592   0.16650042  0.17125726  0.18924962
  0.21319406]
One-Layer SModel:   [ 0.05632291  0.07560074  0.08754879  0.08089861  0.08208442  0.08490645
  0.09490546]
Ratio:  [ 2.07374928  2.06362378  2.03953932  2.05813708  2.08635533  2.22891928
  2.24638341]
SFC:
EM: 
Standalone Model:   [-0.15795566 -0.19723032 -0.23542154 -0.25241333 -0.31957769 -0.4443309
 -0.44647291]
One-Layer SModel:   [-0.08500993 -0.10333096 -0.1227541  -0.12673173 -0.16014607 -0.22431815
 -0.22748248]
CS: 
Standalone Model:   [-0.37831205 -0.4980166  -0.58688378 -0.5935722  -0.67932272 -0.83529103
 -0.85615969]
One-Layer SModel:   [-0.12042836 -0.14910474 -0.17582556 -0.17418262 -0.20911745 -0.27852092
 -0.28690918]
dRF_sfc:  
STandalone Model: 
[-0.22035637 -0.30078736 -0.35146245 -0.34115902 -0.35974482 -0.39095971
 -0.40968642]
One-Layer SModel:   [-0.03541843 -0.04577377 -0.05307146 -0.04745089 -0.04897138 -0.05420278
 -0.05942669]
Ratio:              [ 6.2215168   6.57117226  6.62243741  7.18972807  7.34602168  7.21290897
  6.89397992]



