EMTYPE: Choose between 'embcm' and 'embcm_0.05'
IMTYPE: Choose among 'imbcm', 'imbcm_ndist', 'csbcm' and 'csbcm_ndist'
# of regions: 13 or 15?
[31 32 33 34 35 36 37 38 39]
[ 2.25022502  2.          1.53609831  1.05999576  0.69401069  0.5499945
  0.33699535  0.300003    0.17361111]
Global
TOA:
EM: 
Standalone Model:   [-0.57792181 -0.63286918 -0.73263413 -0.83385426 -1.00888109 -1.39234829
 -1.58389497]
One-Layer SModel:   [-0.49257476 -0.54276382 -0.63328559 -0.7245623  -0.89336153 -1.28294192
 -1.50427668]
CS: 
Standalone Model:   [-0.40551484 -0.43465468 -0.50150192 -0.5882861  -0.73897272 -1.04264402
 -1.1175307 ]
One-Layer SModel:   [-0.26619124 -0.29432878 -0.35697382 -0.43544898 -0.58152828 -0.88069745
 -0.96808416]
dRF_TOA:  
STandalone Model: 
[ 0.17240699  0.19821453  0.23113221  0.24556817  0.2699084   0.34970421
  0.46636432]
One-Layer SModel:   [ 0.22638352  0.24843504  0.27631177  0.28911332  0.31183326  0.40224447
  0.53619252]
Ratio:  [ 0.76157039  0.79785255  0.83649065  0.8493838   0.8655536   0.86938225
  0.86977028]
SFC:
EM: 
Standalone Model:   [-0.89763343 -0.97996795 -1.10764682 -1.21200335 -1.39612174 -1.87207317
 -2.2530334 ]
One-Layer SModel:   [-0.95787907 -1.05499592 -1.2102748  -1.34437603 -1.59421279 -2.232541
 -2.70679043]
CS: 
Standalone Model:   [-1.7375555  -1.94733822 -2.22754121 -2.41450238 -2.73208809 -3.61323667
 -4.51632166]
One-Layer SModel:   [-1.30812572 -1.43897198 -1.63606687 -1.78934544 -2.07590116 -2.86243485
 -3.5366432 ]
dRF_sfc:  
STandalone Model: 
[-0.83992201 -0.96737027 -1.11989427 -1.20249903 -1.33596623 -1.74116349
 -2.26328826]
One-Layer SModel:   [-0.35024665 -0.38397607 -0.42579208 -0.44496942 -0.48168837 -0.62989386
 -0.82985277]
Ratio:              [ 2.39808718  2.51935043  2.63014351  2.70243073  2.77350735  2.7642173
  2.72733711]



Eastern Asia
TOA:
EM: 
Standalone Model:   [-0.14614703 -0.15872762 -0.215616   -0.34136137 -0.75954878 -1.68126476
 -2.56680822]
One-Layer SModel:   [-0.12206819 -0.13673396 -0.18382778 -0.29264231 -0.67576032 -1.54712557
 -2.49107756]
CS: 
Standalone Model:   [ 0.14936197  0.16295345  0.15907812  0.1199246  -0.09090278 -0.53065079
 -0.62344491]
One-Layer SModel:   [ 0.08041997  0.07968071  0.07151092  0.0302922  -0.17889704 -0.65357504
 -1.00027502]
dRF_TOA:  
STandalone Model: 
[ 0.29550913  0.32168096  0.37469432  0.46128586  0.6686455   1.15061378
  1.94336355]
One-Layer SModel:   [ 0.20248816  0.21641467  0.25533869  0.32293452  0.49686328  0.89355053
  1.49080254]
Ratio:  [ 1.45938968  1.48641016  1.46744041  1.42841918  1.34573338  1.28768743
  1.30356871]
SFC:
EM: 
Standalone Model:   [-0.59673727 -0.64563209 -0.74353176 -0.93019193 -1.48662448 -2.81219554
 -4.40673733]
One-Layer SModel:   [-0.57884578 -0.63074738 -0.73296335 -0.94409019 -1.61191902 -3.23353775
 -5.27687148]
CS: 
Standalone Model:   [ -1.58654308  -1.71314216  -1.99042773  -2.47704697  -3.79705429
  -6.84158278 -10.87697506]
One-Layer SModel:   [-0.84541693 -0.91672461 -1.06037063 -1.33948108 -2.17746764 -4.23002053
 -6.93641972]
dRF_sfc:  
STandalone Model: 
[-0.98980552 -1.06751013 -1.24689591 -1.5468545  -2.310431   -4.02938795
 -6.47023439]
One-Layer SModel:   [-0.26657115 -0.28597723 -0.32740728 -0.39539089 -0.56554862 -0.99648278
 -1.65954825]
Ratio:              [ 3.71310062  3.7328501   3.80839398  3.91221582  4.08529157  4.04361021
  3.89879258]



Southeastern Asia
TOA:
EM: 
Standalone Model:   [-1.22783828 -1.23249006 -1.31704378 -1.43893194 -1.64176404 -2.33450484
 -3.62669039]
One-Layer SModel:   [-1.20244764 -1.20691729 -1.29731532 -1.42830582 -1.6529562  -2.49197353
 -4.15227595]
CS: 
Standalone Model:   [-0.86068487 -0.8435443  -0.88559258 -0.92199224 -0.96314603 -0.98509258
 -0.91368014]
One-Layer SModel:   [-0.88458062 -0.86254325 -0.91660603 -0.97800499 -1.07051601 -1.38132542
 -2.08816637]
dRF_TOA:  
STandalone Model: 
[ 0.36715323  0.38894588  0.43145117  0.51694012  0.67861784  1.3494122
  2.71301079]
One-Layer SModel:   [ 0.31786701  0.34437404  0.38070929  0.45030083  0.58244019  1.1106481
  2.06410958]
Ratio:  [ 1.15505294  1.12942855  1.13328248  1.14798837  1.16512879  1.21497727
  1.31437343]
SFC:
EM: 
Standalone Model:   [-1.628914   -1.66306055 -1.78276813 -2.00070095 -2.41698027 -3.99171782
 -6.67387009]
One-Layer SModel:   [-2.11509303 -2.15417664 -2.32292874 -2.60435259 -3.14259336 -5.24225305
 -9.04714347]
CS: 
Standalone Model:   [ -3.38491416  -3.5404954   -3.86070275  -4.44698286  -5.53816795
  -9.7290659  -17.18084717]
One-Layer SModel:   [ -2.5967936   -2.66597829  -2.88213016  -3.26022071  -3.99399686
  -6.892608   -12.11559837]
dRF_sfc:  
STandalone Model: 
[ -1.75599968  -1.8774358   -2.07793427  -2.44628143  -3.12118697
  -5.7373476  -10.50697613]
One-Layer SModel:   [-0.48170057 -0.51180164 -0.55920142 -0.65586812 -0.8514035  -1.65035495
 -3.0684549 ]
Ratio:              [ 3.64541749  3.66828797  3.71589591  3.72983736  3.66593159  3.47643251
  3.42419115]



Southern Asia
TOA:
EM: 
Standalone Model:   [-0.27823439 -0.32004339 -0.40321365 -0.5085243  -0.90700179 -1.6601541
 -2.8533659 ]
One-Layer SModel:   [-0.28141952 -0.33408359 -0.42908596 -0.5498831  -1.01874546 -1.86550767
 -3.25698088]
CS: 
Standalone Model:   [ 0.12852722  0.12526982  0.10295129  0.06664839 -0.19005209 -0.71132982
 -1.16802859]
One-Layer SModel:   [  5.95128928e-02   4.23107883e-02   8.31906809e-04  -5.70260338e-02
  -3.71878962e-01  -1.03401721e+00  -1.81369598e+00]
dRF_TOA:  
STandalone Model: 
[ 0.40676162  0.44531322  0.50616491  0.57517266  0.71694994  0.94882441
  1.68533766]
One-Layer SModel:   [ 0.34093241  0.37639438  0.42991786  0.49285707  0.6468665   0.83149046
  1.4432849 ]
Ratio:  [ 1.1930858   1.18310272  1.17735259  1.16701717  1.10834297  1.1411128
  1.16770962]
SFC:
EM: 
Standalone Model:   [-1.22917581 -1.31294584 -1.44951916 -1.64839125 -2.10831833 -2.87036753
 -4.85595894]
One-Layer SModel:   [-1.29939449 -1.41442247 -1.5934425  -1.85391947 -2.56876843 -3.75367075
 -6.49079015]
CS: 
Standalone Model:   [ -2.56123638  -2.76429749  -3.09357715  -3.51753116  -4.4620924
  -6.07932043 -10.27230167]
One-Layer SModel:   [-1.64320116 -1.7911157  -2.01490008 -2.33211236 -3.1685951  -4.52071687
 -7.81415097]
dRF_sfc:  
STandalone Model: 
[-1.33206165 -1.45135117 -1.64405704 -1.86913931 -2.35377431 -3.20895314
 -5.41634274]
One-Layer SModel:   [-0.34380666 -0.37669323 -0.42145758 -0.47819288 -0.59982667 -0.76704612
 -1.32336082]
Ratio:              [ 3.87444977  3.85287299  3.90088377  3.90875602  3.92409081  4.18352047
  4.09286919]



Northern America
TOA:
EM: 
Standalone Model:   [-0.1445794  -0.29858637 -0.63888705 -0.90477794 -1.15480626 -1.69116056
 -1.54917371]
One-Layer SModel:   [-0.05562395 -0.16814426 -0.44119238 -0.6593131  -0.87242035 -1.34781798
 -1.20560601]
CS: 
Standalone Model:   [ 0.23211668  0.27110586  0.13007221 -0.17540997 -0.54316485 -1.19000733
 -1.02316236]
One-Layer SModel:   [ 0.18717636  0.21691714  0.09787473 -0.14506758 -0.47159643 -1.06193547
 -0.85270356]
dRF_TOA:  
STandalone Model: 
[ 0.37669572  0.56969148  0.76895857  0.72936791  0.61164182  0.50115377
  0.52601087]
One-Layer SModel:   [ 0.24280031  0.3850614   0.53906711  0.51424552  0.40082391  0.28588251
  0.35290245]
Ratio:  [ 1.5514631   1.47948216  1.42646166  1.41832623  1.52596141  1.75300603
  1.4905277 ]
SFC:
EM: 
Standalone Model:   [-0.66681951 -0.95643795 -1.37522113 -1.49936426 -1.54757142 -1.88810849
 -1.84374809]
One-Layer SModel:   [-0.52564954 -0.81809488 -1.28710262 -1.47853368 -1.59879053 -2.09922785
 -1.98675084]
CS: 
Standalone Model:   [-1.66195083 -2.46532798 -3.44530392 -3.51874232 -3.31553388 -3.38086367
 -3.40351796]
One-Layer SModel:   [-0.78363268 -1.19644923 -1.78322388 -1.94499261 -1.9815473  -2.41080292
 -2.35813423]
dRF_sfc:  
STandalone Model: 
[-0.9951297  -1.5088886  -2.07008338 -2.01937604 -1.76796436 -1.49275649
 -1.55977297]
One-Layer SModel:   [-0.25798314 -0.37835435 -0.49612126 -0.46645894 -0.38275676 -0.31157507
 -0.3713834 ]
Ratio:              [ 3.85734395  3.98803025  4.17253514  4.32916145  4.6190284   4.7910011
  4.19989959]



Central America
TOA:
EM: 
Standalone Model:   [-0.85815966 -0.95889288 -1.3113414  -1.59267879 -1.96481049 -2.78652
 -3.50521636]
One-Layer SModel:   [-0.89479223 -1.01073869 -1.43859013 -1.76508686 -2.22047437 -3.26682396
 -4.26476441]
CS: 
Standalone Model:   [-0.56612027 -0.64067125 -0.94517332 -1.24886656 -1.61295128 -2.18828201
 -2.70954013]
One-Layer SModel:   [-0.60568447 -0.69171892 -1.07975875 -1.44314957 -1.88081538 -2.73603156
 -3.50019996]
dRF_TOA:  
STandalone Model: 
[ 0.29203936  0.31822178  0.36616799  0.34381238  0.35185897  0.59823793
  0.79567653]
One-Layer SModel:   [ 0.28910776  0.31901977  0.35883138  0.32193728  0.339659    0.5307924
  0.76456445]
Ratio:  [ 1.01014017  0.99749862  1.02044584  1.0679483   1.0359183   1.12706575
  1.04069255]
SFC:
EM: 
Standalone Model:   [-1.30038726 -1.42932856 -1.79470265 -1.97221994 -2.33233571 -3.37574673
 -4.37584305]
One-Layer SModel:   [-1.62007935 -1.81091169 -2.42125788 -2.79202803 -3.42414674 -5.10292003
 -6.75926531]
CS: 
Standalone Model:   [-2.41495609 -2.66693807 -3.28381634 -3.47180128 -3.94429207 -5.89101982
 -7.61087465]
One-Layer SModel:   [-1.93822253 -2.16194349 -2.83787146 -3.2071696  -3.88447605 -5.7733189
 -7.72902516]
dRF_sfc:  
STandalone Model: 
[-1.11456835 -1.23760891 -1.48911381 -1.4995811  -1.61195612 -2.51527309
 -3.23503304]
One-Layer SModel:   [-0.31814318 -0.3510318  -0.41661358 -0.41514157 -0.46032931 -0.67039887
 -0.96975985]
Ratio:              [ 3.50335453  3.52563193  3.57432856  3.61221616  3.50174555  3.75190533
  3.3359115 ]



South America
TOA:
EM: 
Standalone Model:   [-0.41006577 -0.41995093 -0.45365047 -0.51517183 -0.61448812 -0.91233844
 -1.14202201]
One-Layer SModel:   [-0.48497696 -0.49378212 -0.52990989 -0.60043075 -0.71765987 -1.11128143
 -1.40370773]
CS: 
Standalone Model:   [ 0.0653683   0.05365805  0.03299622 -0.00359153 -0.03468054 -0.08615822
 -0.06022564]
One-Layer SModel:   [-0.09194107 -0.09832811 -0.12124811 -0.16685586 -0.22091618 -0.38401868
 -0.47187369]
dRF_TOA:  
STandalone Model: 
[ 0.47543404  0.47360876  0.48664647  0.51158035  0.5798074   0.82618064
  1.08179665]
One-Layer SModel:   [ 0.39303589  0.395454    0.40866178  0.43357489  0.49674369  0.72726275
  0.93183404]
Ratio:  [ 1.20964536  1.19763299  1.19082944  1.1799123   1.16721644  1.13601396
  1.16093274]
SFC:
EM: 
Standalone Model:   [-1.21024776 -1.21934378 -1.25144804 -1.31880105 -1.5038687  -2.18100905
 -2.76140356]
One-Layer SModel:   [-1.43237689 -1.4434603  -1.4942464  -1.5980558  -1.84328098 -2.76500604
 -3.50820003]
CS: 
Standalone Model:   [-2.81529713 -2.83364296 -2.9251008  -3.08974981 -3.51954699 -5.0239501
 -6.44182968]
One-Layer SModel:   [-1.96529572 -1.97502087 -2.03838187 -2.16472541 -2.48308912 -3.68664017
 -4.69425948]
dRF_sfc:  
STandalone Model: 
[-1.60504889 -1.6142993  -1.67365205 -1.77094972 -2.01567769 -2.84294295
 -3.68042469]
One-Layer SModel:   [-0.53291883 -0.53156057 -0.54413547 -0.56666961 -0.63980814 -0.92163412
 -1.18605945]
Ratio:              [ 3.01180741  3.03690564  3.0758003   3.12518916  3.15044081  3.08467632
  3.10306931]



Europe
TOA:
EM: 
Standalone Model:   [-0.85516554 -1.59503067 -2.21676397 -2.722121   -3.76527882 -6.06372356
 -5.6488018 ]
One-Layer SModel:   [-0.50960738 -1.10049102 -1.58668925 -2.0550436  -2.96686364 -5.14234966
 -4.72874542]
CS: 
Standalone Model:   [-0.0671545  -0.33166853 -0.585356   -0.93820703 -1.92664063 -4.11056852
 -4.05238247]
One-Layer SModel:   [-0.11187977 -0.41684045 -0.694199   -1.0620168  -1.97160954 -4.11931091
 -3.87717319]
dRF_TOA:  
STandalone Model: 
[ 0.78801107  1.26336229  1.63140821  1.78391314  1.83863783  1.95315588
  1.59641933]
One-Layer SModel:   [ 0.39772761  0.68365058  0.89249026  0.9930268   0.9952541   1.02303874
  0.85157223]
Ratio:  [ 1.9812833   1.84796493  1.82792832  1.79644007  1.84740543  1.90917097
  1.87467284]
SFC:
EM: 
Standalone Model:   [-1.58067274 -2.70136189 -3.60354471 -4.17861509 -5.02463198 -7.09538031
 -6.44839811]
One-Layer SModel:   [-1.36284518 -2.5763169  -3.53661186 -4.27983514 -5.42084897 -8.37127532
 -7.56078019]
CS: 
Standalone Model:   [ -4.66262531  -7.57909107  -9.81379604 -10.94335461 -12.06002617
 -14.42246246 -12.59518623]
One-Layer SModel:   [-1.86437911 -3.41269345 -4.62405872 -5.48369307 -6.66048651 -9.82177365
 -8.80139367]
dRF_sfc:  
STandalone Model: 
[-3.08195353 -4.87772846 -6.21025276 -6.7647438  -7.03539896 -7.32708311
 -6.14679098]
One-Layer SModel:   [-0.50153393 -0.83637655 -1.08744686 -1.20385793 -1.23963754 -1.45049833
 -1.24061349]
Ratio:              [ 6.14505483  5.83197659  5.71085633  5.61922106  5.67536778  5.05142471
  4.95463821]



Northern Africa
TOA:
EM: 
Standalone Model:   [-0.16197941 -0.24765664 -0.34203148 -0.42841935 -0.73187751 -1.36011446
 -1.61720777]
One-Layer SModel:   [-0.23146197 -0.36898341 -0.50389774 -0.62380237 -1.01639143 -1.89055384
 -2.20261616]
CS: 
Standalone Model:   [ 0.22722225  0.22489017  0.21989562  0.18547633 -0.11241873 -0.49867141
 -0.52556831]
One-Layer SModel:   [ 0.12894325  0.06825734  0.00407289 -0.07993761 -0.42820878 -1.18004075
 -1.24576998]
dRF_TOA:  
STandalone Model: 
[ 0.38920161  0.47254679  0.56192696  0.61389583  0.61945891  0.86144304
  1.09164   ]
One-Layer SModel:   [ 0.36040522  0.43724074  0.50797064  0.54386477  0.58818265  0.71051309
  0.95684618]
Ratio:  [ 1.07990004  1.08074737  1.10621937  1.12876559  1.05317441  1.21242389
  1.14087303]
SFC:
EM: 
Standalone Model:   [-0.91212261 -1.08262801 -1.25834036 -1.38936138 -1.66642678 -2.35266733
 -2.95333481]
One-Layer SModel:   [-0.98564533 -1.25792572 -1.52475315 -1.72874649 -2.25713037 -3.53013049
 -4.29658776]
CS: 
Standalone Model:   [-1.63167918 -1.92648995 -2.24816012 -2.47657442 -2.84303856 -3.91760111
 -5.00756502]
One-Layer SModel:   [-1.22330546 -1.5438687  -1.85651911 -2.0895506  -2.66911776 -4.07380898
 -5.00158602]
dRF_sfc:  
STandalone Model: 
[-0.71955645 -0.84386134 -0.98981977 -1.08721292 -1.17661262 -1.56493235
 -2.05423284]
One-Layer SModel:   [-0.23766013 -0.28594298 -0.33176596 -0.36080411 -0.4119874  -0.54367849
 -0.70499826]
Ratio:              [ 3.02767008  2.9511525   2.98348801  3.01330524  2.85594323  2.87841506
  2.91381262]



Western Africa
TOA:
EM: 
Standalone Model:   [-0.22675326 -0.34538803 -0.45229363 -0.56189406 -0.95788229 -1.75479889
 -2.20560074]
One-Layer SModel:   [-0.29494918 -0.43829194 -0.57676904 -0.71305341 -1.17580704 -2.21019865
 -2.81123337]
CS: 
Standalone Model:   [ 0.37605444  0.33556807  0.30800375  0.29230043  0.02076998 -0.40206963
 -0.40310615]
One-Layer SModel:   [ 0.2098103   0.13140869  0.06271957 -0.00313692 -0.34139213 -1.08139176
 -1.31084637]
dRF_TOA:  
STandalone Model: 
[ 0.60280758  0.68095607  0.76029736  0.85419458  0.97865236  1.35272956
  1.802495  ]
One-Layer SModel:   [ 0.50475949  0.56970063  0.63948861  0.70991649  0.83441491  1.12880689
  1.50038701]
Ratio:  [ 1.19424716  1.19528755  1.18891463  1.20323248  1.17286058  1.1983711
  1.20135338]
SFC:
EM: 
Standalone Model:   [-1.49067903 -1.62945843 -1.81252813 -2.03444552 -2.45157957 -3.48034024
 -4.44319201]
One-Layer SModel:   [-1.6380242  -1.86682845 -2.15026335 -2.45048788 -3.1645234  -4.90865286
 -6.29943807]
CS: 
Standalone Model:   [-3.06502247 -3.42617321 -3.80162191 -4.27695322 -5.13896513 -7.15611315
 -9.24030972]
One-Layer SModel:   [-2.07660093 -2.35500395 -2.694629   -3.05813605 -3.87958107 -5.89375082
 -7.59398119]
dRF_sfc:  
STandalone Model: 
[-1.57434249 -1.79671597 -1.98909521 -2.24250841 -2.68738556 -3.67577434
 -4.79711866]
One-Layer SModel:   [-0.43857673 -0.48817551 -0.54436566 -0.60764817 -0.71505767 -0.98509796
 -1.29454311]
Ratio:              [ 3.58966258  3.68047138  3.65396897  3.69047177  3.75827807  3.7313795
  3.70564612]



Eastern Africa
TOA:
EM: 
Standalone Model:   [-0.35331169 -0.36926222 -0.39951989 -0.48139238 -0.70979255 -1.17732966
 -1.42000794]
One-Layer SModel:   [-0.39524085 -0.40692441 -0.44267951 -0.52223719 -0.74601258 -1.22075583
 -1.48110862]
CS: 
Standalone Model:   [ 0.2108234   0.1986721   0.21299101  0.18265462  0.06392097 -0.20115849
 -0.12605765]
One-Layer SModel:   [ 0.02534189  0.02298824  0.02085894 -0.01109526 -0.1290075  -0.43275652
 -0.44870091]
dRF_TOA:  
STandalone Model: 
[ 0.56413513  0.56793427  0.6125108   0.66404694  0.77371341  0.97617108
  1.29395044]
One-Layer SModel:   [ 0.42058274  0.42991265  0.46353845  0.51114193  0.61700508  0.78799931
  1.03240771]
Ratio:  [ 1.34131785  1.32104574  1.32138079  1.29914395  1.25398224  1.23879687
  1.2533328 ]
SFC:
EM: 
Standalone Model:   [-1.46149945 -1.48144352 -1.58137703 -1.71234465 -2.03732848 -2.65456557
 -3.39909863]
One-Layer SModel:   [-1.47560244 -1.49377206 -1.60214635 -1.76256794 -2.16669203 -2.96326781
 -3.79137729]
CS: 
Standalone Model:   [-3.38125753 -3.4221468  -3.6641295  -3.97800565 -4.6866889  -5.9893384
 -7.73286152]
One-Layer SModel:   [-2.0426783  -2.06849265 -2.21812666 -2.42748202 -2.93308365 -3.88810136
 -5.02491602]
dRF_sfc:  
STandalone Model: 
[-1.91975844 -1.94070411 -2.08275199 -2.26566124 -2.64936066 -3.33477306
 -4.33376217]
One-Layer SModel:   [-0.56707586 -0.57472059 -0.61598031 -0.66491408 -0.76639162 -0.92483355
 -1.23353873]
Ratio:              [ 3.38536441  3.37677843  3.38119897  3.40744964  3.45692802  3.60580892
  3.51327611]



Southern Africa
TOA:
EM: 
Standalone Model:   [-0.13033098 -0.1379267  -0.21436359 -0.36100611 -0.77546674 -1.51748025
 -1.83541965]
One-Layer SModel:   [-0.19377949 -0.19743553 -0.27511046 -0.42591138 -0.85473441 -1.65441004
 -1.97898371]
CS: 
Standalone Model:   [ 0.28586698  0.26216176  0.22854505  0.15775353 -0.09059179 -0.481002
 -0.61144859]
One-Layer SModel:   [ 0.0660236   0.05753471  0.01299315 -0.07860143 -0.38371924 -0.93416795
 -1.1120648 ]
dRF_TOA:  
STandalone Model: 
[ 0.41619802  0.40008843  0.44290864  0.51875979  0.68487507  1.03647816
  1.22397113]
One-Layer SModel:   [ 0.25980308  0.25497024  0.28810361  0.34730995  0.47101518  0.7202421
  0.86691891]
Ratio:  [ 1.6019749   1.56915735  1.53732417  1.49365081  1.45404034  1.43906912
  1.41186345]
SFC:
EM: 
Standalone Model:   [-0.97442013 -0.93719804 -1.04813814 -1.2418381  -1.74438798 -2.82737732
 -3.43755794]
One-Layer SModel:   [-0.92318548 -0.89936708 -1.03467425 -1.2817306  -1.94592726 -3.31118175
 -4.00331429]
CS: 
Standalone Model:   [-2.16308475 -2.08960629 -2.35231304 -2.78897333 -3.83413601 -5.92307091
 -7.0523448 ]
One-Layer SModel:   [-1.22413412 -1.19319043 -1.35775046 -1.65725935 -2.43666242 -4.05800268
 -4.91244682]
dRF_sfc:  
STandalone Model: 
[-1.18866432 -1.152408   -1.3041749  -1.54713523 -2.08974838 -3.09569454
 -3.61478662]
One-Layer SModel:   [-0.30094863 -0.29382335 -0.32307621 -0.37552876 -0.49073515 -0.74682093
 -0.90913253]
Ratio:              [ 3.94972491  3.92211168  4.0367407   4.11988483  4.2584037   4.14516308
  3.97608327]



Middle Africa
TOA:
EM: 
Standalone Model:   [ 0.05344503  0.01903422 -0.01615555 -0.16095075 -0.3788923  -0.71698707
 -0.74760854]
One-Layer SModel:   [-0.25213985 -0.31041068 -0.37433975 -0.57302801 -0.91925449 -1.62815394
 -1.91745083]
CS: 
Standalone Model:   [ 1.31008041  1.33860373  1.36868405  1.40325487  1.49849105  1.91363275
  2.49788857]
One-Layer SModel:   [ 0.6113927   0.61284322  0.61331119  0.57140644  0.52780191  0.52191677
  0.7116496 ]
dRF_TOA:  
STandalone Model: 
[ 1.25663555  1.31956947  1.38483965  1.56420517  1.87738323  2.63061976
  3.24549842]
One-Layer SModel:   [ 0.86353255  0.9232539   0.98765094  1.14443446  1.4470564   2.15007071
  2.62910043]
Ratio:  [ 1.45522661  1.42925956  1.40215495  1.36679314  1.29738083  1.22350384
  1.23445205]
SFC:
EM: 
Standalone Model:   [-3.02685404 -3.12712193 -3.24369097 -3.53125167 -4.2309289  -6.0970726
 -7.37673569]
One-Layer SModel:   [-3.10606701 -3.25605993 -3.41941662 -3.82610585 -4.78862969 -7.30651801
 -8.82308611]
CS: 
Standalone Model:   [ -6.63346386  -6.91195011  -7.19516754  -7.98421383  -9.58749676
 -13.43238544 -16.32329369]
One-Layer SModel:   [ -4.29741624  -4.50681532  -4.73336484  -5.2819867   -6.55039285
  -9.86107538 -11.95538365]
dRF_sfc:  
STandalone Model: 
[-3.60661125 -3.78482723 -3.95147729 -4.45296097 -5.35656595 -7.33531475
 -8.94656086]
One-Layer SModel:   [-1.19134923 -1.25075539 -1.31394822 -1.45588085 -1.76176316 -2.55455737
 -3.13229754]
Ratio:              [ 3.02733336  3.02603312  3.00733106  3.05860261  3.04045746  2.87146213
  2.85622957]



Pacific Warm Pool
TOA:
EM: 
Standalone Model:   [-1.35481918 -1.37327623 -1.4395678  -1.5534656  -1.6428169  -2.17865515
 -3.1783843 ]
One-Layer SModel:   [-1.45213169 -1.47678469 -1.54985597 -1.68136917 -1.77552806 -2.42749887
 -3.82358455]
CS: 
Standalone Model:   [-1.19626606 -1.19900954 -1.24692142 -1.32748461 -1.36582351 -1.61781716
 -1.80851328]
One-Layer SModel:   [-1.24466788 -1.24645858 -1.29407397 -1.38108364 -1.40794617 -1.76915531
 -2.49129073]
dRF_TOA:  
STandalone Model: 
[ 0.15855402  0.17426689  0.19264674  0.22598085  0.27699336  0.56083769
  1.36987042]
One-Layer SModel:   [ 0.20746381  0.23032612  0.25578201  0.30028552  0.36758189  0.65834356
  1.33229382]
Ratio:  [ 0.76424905  0.75660933  0.75316769  0.75255325  0.75355552  0.85189212
  1.02820444]
SFC:
EM: 
Standalone Model:   [-1.57554376 -1.62449074 -1.72293591 -1.89264429 -2.07207179 -3.04026175
 -5.17869377]
One-Layer SModel:   [-2.33224687 -2.40305492 -2.54200375 -2.7902103  -3.01976783 -4.40706034
 -7.60585788]
CS: 
Standalone Model:   [ -3.16473889  -3.33884716  -3.59736896  -4.03615952  -4.58669853
  -7.32280445 -13.40231609]
One-Layer SModel:   [-2.72436439 -2.83082101 -3.00915013 -3.32438481 -3.64554923 -5.50090928
 -9.89055719]
dRF_sfc:  
STandalone Model: 
[-1.58919489 -1.71435618 -1.87443197 -2.14351463 -2.51462817 -4.2825408
 -8.22362709]
One-Layer SModel:   [-0.39211752 -0.42776608 -0.46714638 -0.53417451 -0.6257814  -1.09384894
 -2.28469931]
Ratio:              [ 4.05285357  4.00769544  4.01251528  4.01276102  4.01838112  3.91511173
  3.59943519]



Arctic
TOA:
EM: 
Standalone Model:   [-0.11560135 -0.14049628 -0.17093931 -0.20279607 -0.2818962  -0.42087403
 -0.41408145]
One-Layer SModel:   [-0.01940744 -0.0197275  -0.02492106 -0.03399857 -0.05508737 -0.09255672
 -0.08975492]
CS: 
Standalone Model:   [ 0.00119826  0.01551531  0.00761956 -0.03629556 -0.11063893 -0.23162425
 -0.20088726]
One-Layer SModel:   [ 0.02504797  0.04003356  0.04421487  0.02973689  0.00942709 -0.02562885
 -0.01520844]
dRF_TOA:  
STandalone Model: 
[ 0.1167996   0.15601149  0.1785592   0.16650042  0.17125726  0.18924962
  0.21319406]
One-Layer SModel:   [ 0.04445541  0.05976106  0.06913593  0.06373546  0.06451446  0.06692787
  0.07454648]
Ratio:  [ 2.62734281  2.61058774  2.58272636  2.6123673   2.65455597  2.82766531
  2.85988075]
SFC:
EM: 
Standalone Model:   [-0.15795566 -0.19723032 -0.23542154 -0.25241333 -0.31957769 -0.4443309
 -0.44647291]
One-Layer SModel:   [-0.06839878 -0.0832548  -0.09883818 -0.10164528 -0.12791009 -0.17848007
 -0.18123859]
CS: 
Standalone Model:   [-0.37831205 -0.4980166  -0.58688378 -0.5935722  -0.67932272 -0.83529103
 -0.85615969]
One-Layer SModel:   [-0.09911923 -0.12297259 -0.14496067 -0.142976   -0.17053985 -0.22499945
 -0.23261784]
dRF_sfc:  
STandalone Model: 
[-0.22035637 -0.30078736 -0.35146245 -0.34115902 -0.35974482 -0.39095971
 -0.40968642]
One-Layer SModel:   [-0.03072046 -0.0397178  -0.04612249 -0.04133072 -0.04262976 -0.04651938
 -0.05137925]
Ratio:              [ 7.17295271  7.57311298  7.62019611  8.25436885  8.43881854  8.40423345
  7.97377144]



