EMTYPE: Choose between 'embcm' and 'embcm_0.05'
IMTYPE: Choose among 'imbcm', 'imbcm_ndist', 'csbcm' and 'csbcm_ndist'
# of regions: 13 or 15?
[31 32 33 34 35 36 37 38 39]
[ 2.25022502  2.          1.53609831  1.05999576  0.69401069  0.5499945
  0.33699535  0.300003    0.17361111]
Global
TOA:
EM: 
Standalone Model:   [-0.57792181 -0.63286918 -0.73263413 -0.83385426 -1.00888109 -1.39234829
 -1.58389497]
One-Layer SModel:   [-0.56845363 -0.62581908 -0.7285161  -0.83073622 -1.01977764 -1.46037798
 -1.71841029]
CS: 
Standalone Model:   [-0.40551484 -0.43465468 -0.50150192 -0.5882861  -0.73897272 -1.04264402
 -1.1175307 ]
One-Layer SModel:   [-0.35267041 -0.38895191 -0.4649321  -0.55477003 -0.72205136 -1.07693469
 -1.2073654 ]
dRF_TOA:  
STandalone Model: 
[ 0.17240699  0.19821453  0.23113221  0.24556817  0.2699084   0.34970421
  0.46636432]
One-Layer SModel:   [ 0.21578322  0.23686717  0.26358401  0.27596619  0.29772628  0.38344329
  0.51104489]
Ratio:  [ 0.79898236  0.83681723  0.87688253  0.88984874  0.90656559  0.91201024
  0.91257017]
SFC:
EM: 
Standalone Model:   [-0.89763343 -0.97996795 -1.10764682 -1.21200335 -1.39612174 -1.87207317
 -2.2530334 ]
One-Layer SModel:   [-1.04368579 -1.14892615 -1.318847   -1.4671732  -1.74322818 -2.44437331
 -2.95830099]
CS: 
Standalone Model:   [-1.7375555  -1.94733822 -2.22754121 -2.41450238 -2.73208809 -3.61323667
 -4.51632166]
One-Layer SModel:   [-1.3700773  -1.5067507  -1.71541924 -1.88132109 -2.19135541 -3.03091849
 -3.7307205 ]
dRF_sfc:  
STandalone Model: 
[-0.83992201 -0.96737027 -1.11989427 -1.20249903 -1.33596623 -1.74116349
 -2.26328826]
One-Layer SModel:   [-0.32639151 -0.35782455 -0.39657224 -0.41414789 -0.44812723 -0.58654518
 -0.77241951]
Ratio:              [ 2.5733574   2.7034765   2.82393511  2.90354981  2.98122083  2.96850703
  2.93012828]



Eastern Asia
TOA:
EM: 
Standalone Model:   [-0.14614703 -0.15872762 -0.215616   -0.34136137 -0.75954878 -1.68126476
 -2.56680822]
One-Layer SModel:   [-0.18377856 -0.20349217 -0.26215085 -0.39544219 -0.85827426 -1.92209138
 -3.1046578 ]
CS: 
Standalone Model:   [ 0.14936197  0.16295345  0.15907812  0.1199246  -0.09090278 -0.53065079
 -0.62344491]
One-Layer SModel:   [ 0.00213938 -0.00464517 -0.02640616 -0.0952438  -0.39154458 -1.08118633
 -1.70400111]
dRF_TOA:  
STandalone Model: 
[ 0.29550913  0.32168096  0.37469432  0.46128586  0.6686455   1.15061378
  1.94336355]
One-Layer SModel:   [ 0.18591794  0.198847    0.23574469  0.30019839  0.46672967  0.84090505
  1.40065669]
Ratio:  [ 1.58945998  1.617731    1.58940725  1.53660338  1.43261836  1.36830405
  1.38746601]
SFC:
EM: 
Standalone Model:   [-0.59673727 -0.64563209 -0.74353176 -0.93019193 -1.48662448 -2.81219554
 -4.40673733]
One-Layer SModel:   [-0.62534502 -0.68137095 -0.7954303  -1.03271683 -1.78987246 -3.62060002
 -5.90706248]
CS: 
Standalone Model:   [ -1.58654308  -1.71314216  -1.99042773  -2.47704697  -3.79705429
  -6.84158278 -10.87697506]
One-Layer SModel:   [-0.87226312 -0.94632695 -1.09728556 -1.39428388 -2.2991788  -4.51252464
 -7.39220736]
dRF_sfc:  
STandalone Model: 
[-0.98980552 -1.06751013 -1.24689591 -1.5468545  -2.310431   -4.02938795
 -6.47023439]
One-Layer SModel:   [-0.2469181  -0.264956   -0.30185526 -0.36156705 -0.50930634 -0.89192463
 -1.48514488]
Ratio:              [ 4.0086389   4.0290091   4.13077418  4.2781954   4.53642695  4.51763281
  4.35663516]



Southeastern Asia
TOA:
EM: 
Standalone Model:   [-1.22783828 -1.23249006 -1.31704378 -1.43893194 -1.64176404 -2.33450484
 -3.62669039]
One-Layer SModel:   [-1.3639084  -1.37079923 -1.473922   -1.62553151 -1.88881302 -2.87761373
 -4.81562619]
CS: 
Standalone Model:   [-0.86068487 -0.8435443  -0.88559258 -0.92199224 -0.96314603 -0.98509258
 -0.91368014]
One-Layer SModel:   [-1.05868755 -1.039551   -1.10731761 -1.19181106 -1.32881838 -1.81505586
 -2.84803224]
dRF_TOA:  
STandalone Model: 
[ 0.36715323  0.38894588  0.43145117  0.51694012  0.67861784  1.3494122
  2.71301079]
One-Layer SModel:   [ 0.30522085  0.33124822  0.36660439  0.43372045  0.55999464  1.06255787
  1.96759395]
Ratio:  [ 1.20291004  1.17418253  1.1768849   1.19187397  1.21182916  1.26996584
  1.37884688]
SFC:
EM: 
Standalone Model:   [-1.628914   -1.66306055 -1.78276813 -2.00070095 -2.41698027 -3.99171782
 -6.67387009]
One-Layer SModel:   [-2.31091882 -2.35152375 -2.5352827  -2.83933544 -3.41782238 -5.67069446
 -9.77460149]
CS: 
Standalone Model:   [ -3.38491416  -3.5404954   -3.86070275  -4.44698286  -5.53816795
  -9.7290659  -17.18084717]
One-Layer SModel:   [ -2.75825822  -2.82586618  -3.05282414  -3.44595968  -4.20638313
  -7.204214   -12.6266259 ]
dRF_sfc:  
STandalone Model: 
[ -1.75599968  -1.8774358   -2.07793427  -2.44628143  -3.12118697
  -5.7373476  -10.50697613]
One-Layer SModel:   [-0.44733939 -0.47434243 -0.51754143 -0.60662424 -0.78856075 -1.53351954
 -2.85202441]
Ratio:              [ 3.92543048  3.95797567  4.01501044  4.03261405  3.95808055  3.74129411
  3.68404144]



Southern Asia
TOA:
EM: 
Standalone Model:   [-0.27823439 -0.32004339 -0.40321365 -0.5085243  -0.90700179 -1.6601541
 -2.8533659 ]
One-Layer SModel:   [-0.41562233 -0.48042465 -0.59499326 -0.74423778 -1.29599892 -2.28182862
 -3.98380965]
CS: 
Standalone Model:   [ 0.12852722  0.12526982  0.10295129  0.06664839 -0.19005209 -0.71132982
 -1.16802859]
One-Layer SModel:   [-0.09121149 -0.12179888 -0.18419358 -0.27257253 -0.67308272 -1.47775999
 -2.58999663]
dRF_TOA:  
STandalone Model: 
[ 0.40676162  0.44531322  0.50616491  0.57517266  0.71694994  0.94882441
  1.68533766]
One-Layer SModel:   [ 0.32441085  0.35862577  0.41079969  0.47166525  0.6229162   0.80406862
  1.39381302]
Ratio:  [ 1.25384715  1.24172117  1.23214531  1.21945102  1.15095729  1.18002914
  1.20915621]
SFC:
EM: 
Standalone Model:   [-1.22917581 -1.31294584 -1.44951916 -1.64839125 -2.10831833 -2.87036753
 -4.85595894]
One-Layer SModel:   [-1.40145888 -1.52906803 -1.72975294 -2.01958348 -2.83521027 -4.19742168
 -7.26997441]
CS: 
Standalone Model:   [ -2.56123638  -2.76429749  -3.09357715  -3.51753116  -4.4620924
  -6.07932043 -10.27230167]
One-Layer SModel:   [-1.70673014 -1.86293645 -2.10152502 -2.44014315 -3.35608848 -4.85892745
 -8.4089256 ]
dRF_sfc:  
STandalone Model: 
[-1.33206165 -1.45135117 -1.64405704 -1.86913931 -2.35377431 -3.20895314
 -5.41634274]
One-Layer SModel:   [-0.30527126 -0.33386842 -0.37177208 -0.42055966 -0.52087821 -0.66150576
 -1.13895119]
Ratio:              [ 4.36353441  4.34707531  4.42221765  4.44440939  4.51885732  4.85098289
  4.75555299]



Northern America
TOA:
EM: 
Standalone Model:   [-0.1445794  -0.29858637 -0.63888705 -0.90477794 -1.15480626 -1.69116056
 -1.54917371]
One-Layer SModel:   [-0.12836692 -0.28749445 -0.63756342 -0.89211371 -1.12988477 -1.69370164
 -1.53373835]
CS: 
Standalone Model:   [ 0.23211668  0.27110586  0.13007221 -0.17540997 -0.54316485 -1.19000733
 -1.02316236]
One-Layer SModel:   [ 0.08961649  0.06158331 -0.14374715 -0.4190484  -0.76240716 -1.43638523
 -1.21352235]
dRF_TOA:  
STandalone Model: 
[ 0.37669572  0.56969148  0.76895857  0.72936791  0.61164182  0.50115377
  0.52601087]
One-Layer SModel:   [ 0.21798341  0.34907776  0.49381627  0.47306531  0.36747761  0.25731641
  0.320216  ]
Ratio:  [ 1.72809355  1.63199018  1.55717545  1.54179116  1.66443292  1.9476168
  1.64267516]
SFC:
EM: 
Standalone Model:   [-0.66681951 -0.95643795 -1.37522113 -1.49936426 -1.54757142 -1.88810849
 -1.84374809]
One-Layer SModel:   [-0.58046359 -0.92067857 -1.48111409 -1.73000083 -1.89866122 -2.52983508
 -2.38643638]
CS: 
Standalone Model:   [-1.66195083 -2.46532798 -3.44530392 -3.51874232 -3.31553388 -3.38086367
 -3.40351796]
One-Layer SModel:   [-0.81348636 -1.25638424 -1.91243117 -2.1316536  -2.23033363 -2.80725965
 -2.71423193]
dRF_sfc:  
STandalone Model: 
[-0.9951297  -1.5088886  -2.07008338 -2.01937604 -1.76796436 -1.49275649
 -1.55977297]
One-Layer SModel:   [-0.23302276 -0.33570567 -0.43131708 -0.40165277 -0.3316724  -0.27742457
 -0.32779555]
Ratio:              [ 4.27052573  4.49467712  4.79944679  5.02766616  5.3304536   5.38076527
  4.75837144]



Central America
TOA:
EM: 
Standalone Model:   [-0.85815966 -0.95889288 -1.3113414  -1.59267879 -1.96481049 -2.78652
 -3.50521636]
One-Layer SModel:   [-1.03353267 -1.16621809 -1.64943401 -2.01192095 -2.52538834 -3.72098592
 -4.86616275]
CS: 
Standalone Model:   [-0.56612027 -0.64067125 -0.94517332 -1.24886656 -1.61295128 -2.18828201
 -2.70954013]
One-Layer SModel:   [-0.7523229  -0.85583279 -1.30140418 -1.70204741 -2.20011803 -3.21098162
 -4.13261309]
dRF_TOA:  
STandalone Model: 
[ 0.29203936  0.31822178  0.36616799  0.34381238  0.35185897  0.59823793
  0.79567653]
One-Layer SModel:   [ 0.28120977  0.31038531  0.34802983  0.30987354  0.32527031  0.5100043
  0.73354967]
Ratio:  [ 1.03851075  1.02524756  1.05211669  1.10952479  1.08174327  1.17300566
  1.08469347]
SFC:
EM: 
Standalone Model:   [-1.30038726 -1.42932856 -1.79470265 -1.97221994 -2.33233571 -3.37574673
 -4.37584305]
One-Layer SModel:   [-1.7771161  -1.98777892 -2.66868562 -3.09051038 -3.79737043 -5.6553664
 -7.48530157]
CS: 
Standalone Model:   [-2.41495609 -2.66693807 -3.28381634 -3.47180128 -3.94429207 -5.89101982
 -7.61087465]
One-Layer SModel:   [-2.06277589 -2.30280813 -3.04469639 -3.46970627 -4.22047117 -6.26764858
 -8.37118514]
dRF_sfc:  
STandalone Model: 
[-1.11456835 -1.23760891 -1.48911381 -1.4995811  -1.61195612 -2.51527309
 -3.23503304]
One-Layer SModel:   [-0.28565978 -0.31502922 -0.37601077 -0.37919589 -0.42310074 -0.61228219
 -0.88588357]
Ratio:              [ 3.90173352  3.92855279  3.96029564  3.95463439  3.80986362  4.10802918
  3.65175871]



South America
TOA:
EM: 
Standalone Model:   [-0.41006577 -0.41995093 -0.45365047 -0.51517183 -0.61448812 -0.91233844
 -1.14202201]
One-Layer SModel:   [-0.60523318 -0.61519262 -0.65626744 -0.73677782 -0.87583931 -1.35001424
 -1.70667441]
CS: 
Standalone Model:   [ 0.0653683   0.05365805  0.03299622 -0.00359153 -0.03468054 -0.08615822
 -0.06022564]
One-Layer SModel:   [-0.23244167 -0.23977401 -0.26780164 -0.3236722  -0.40178378 -0.6553058
 -0.81736217]
dRF_TOA:  
STandalone Model: 
[ 0.47543404  0.47360876  0.48664647  0.51158035  0.5798074   0.82618064
  1.08179665]
One-Layer SModel:   [ 0.37279151  0.37541862  0.3884658   0.41310562  0.47405553  0.69470844
  0.88931223]
Ratio:  [ 1.27533492  1.26154841  1.25273955  1.23837664  1.22307908  1.18924801
  1.21644188]
SFC:
EM: 
Standalone Model:   [-1.21024776 -1.21934378 -1.25144804 -1.31880105 -1.5038687  -2.18100905
 -2.76140356]
One-Layer SModel:   [-1.54347103 -1.55609401 -1.61339959 -1.73000496 -1.99888911 -3.00333419
 -3.81033295]
CS: 
Standalone Model:   [-2.81529713 -2.83364296 -2.9251008  -3.08974981 -3.51954699 -5.0239501
 -6.44182968]
One-Layer SModel:   [-2.03527479 -2.04611464 -2.11425619 -2.2501303  -2.5848464  -3.84543883
 -4.89445296]
dRF_sfc:  
STandalone Model: 
[-1.60504889 -1.6142993  -1.67365205 -1.77094972 -2.01567769 -2.84294295
 -3.68042469]
One-Layer SModel:   [-0.49180377 -0.49002062 -0.5008566  -0.52012534 -0.58595728 -0.84210464
 -1.08412001]
Ratio:              [ 3.26359619  3.2943497   3.34157931  3.40485186  3.43997377  3.37599725
  3.3948499 ]



Europe
TOA:
EM: 
Standalone Model:   [-0.85516554 -1.59503067 -2.21676397 -2.722121   -3.76527882 -6.06372356
 -5.6488018 ]
One-Layer SModel:   [-0.63193849 -1.33530506 -1.91193171 -2.45310418 -3.48511642 -5.96640505
 -5.47489401]
CS: 
Standalone Model:   [-0.0671545  -0.33166853 -0.585356   -0.93820703 -1.92664063 -4.11056852
 -4.05238247]
One-Layer SModel:   [-0.25448095 -0.68408658 -1.06190104 -1.50653502 -2.53781429 -5.00789781
 -4.67811562]
dRF_TOA:  
STandalone Model: 
[ 0.78801107  1.26336229  1.63140821  1.78391314  1.83863783  1.95315588
  1.59641933]
One-Layer SModel:   [ 0.37745754  0.65121848  0.85003067  0.94656915  0.94730213  0.95850724
  0.79677839]
Ratio:  [ 2.08768136  1.9399976   1.91923453  1.88460941  1.94092018  2.03770591
  2.00359266]
SFC:
EM: 
Standalone Model:   [-1.58067274 -2.70136189 -3.60354471 -4.17861509 -5.02463198 -7.09538031
 -6.44839811]
One-Layer SModel:   [-1.482839   -2.81997391 -3.88139242 -4.71494382 -6.02338021 -9.3840442
 -8.48616163]
CS: 
Standalone Model:   [ -4.66262531  -7.57909107  -9.81379604 -10.94335461 -12.06002617
 -14.42246246 -12.59518623]
One-Layer SModel:   [ -1.94036346  -3.57846734  -4.86624812  -5.80313951  -7.14480688
 -10.7167365   -9.62890706]
dRF_sfc:  
STandalone Model: 
[-3.08195353 -4.87772846 -6.21025276 -6.7647438  -7.03539896 -7.32708311
 -6.14679098]
One-Layer SModel:   [-0.45752446 -0.75849343 -0.98485571 -1.08819569 -1.12142667 -1.3326923
 -1.14274543]
Ratio:              [ 6.73615029  6.43081179  6.30574888  6.21647731  6.27361481  5.49795562
  5.37896789]



Northern Africa
TOA:
EM: 
Standalone Model:   [-0.16197941 -0.24765664 -0.34203148 -0.42841935 -0.73187751 -1.36011446
 -1.61720777]
One-Layer SModel:   [-0.42596399 -0.62202239 -0.81431248 -0.97912587 -1.49278781 -2.65578171
 -3.13007627]
CS: 
Standalone Model:   [ 0.22722225  0.22489017  0.21989562  0.18547633 -0.11241873 -0.49867141
 -0.52556831]
One-Layer SModel:   [-0.08417364 -0.20649366 -0.33120488 -0.46275649 -0.93801952 -1.99445548
 -2.235395  ]
dRF_TOA:  
STandalone Model: 
[ 0.38920161  0.47254679  0.56192696  0.61389583  0.61945891  0.86144304
  1.09164   ]
One-Layer SModel:   [ 0.34179035  0.41552872  0.4831076   0.51636938  0.5547683   0.66132623
  0.89468127]
Ratio:  [ 1.13871445  1.1372181   1.16315074  1.18886956  1.11660835  1.30259924
  1.22014402]
SFC:
EM: 
Standalone Model:   [-0.91212261 -1.08262801 -1.25834036 -1.38936138 -1.66642678 -2.35266733
 -2.95333481]
One-Layer SModel:   [-1.16129037 -1.498488   -1.82899295 -2.08559233 -2.76801519 -4.39776834
 -5.33349009]
CS: 
Standalone Model:   [-1.63167918 -1.92648995 -2.24816012 -2.47657442 -2.84303856 -3.91760111
 -5.00756502]
One-Layer SModel:   [-1.34495147 -1.71782275 -2.08271301 -2.36311327 -3.09177375 -4.83959947
 -5.89761549]
dRF_sfc:  
STandalone Model: 
[-0.71955645 -0.84386134 -0.98981977 -1.08721292 -1.17661262 -1.56493235
 -2.05423284]
One-Layer SModel:   [-0.1836611  -0.21933475 -0.25372005 -0.27752095 -0.32375856 -0.44183113
 -0.5641254 ]
Ratio:              [ 3.91784889  3.84736726  3.90122794  3.91758866  3.63422854  3.54192415
  3.64144719]



Western Africa
TOA:
EM: 
Standalone Model:   [-0.22675326 -0.34538803 -0.45229363 -0.56189406 -0.95788229 -1.75479889
 -2.20560074]
One-Layer SModel:   [-0.52382935 -0.70386271 -0.88622922 -1.06844834 -1.64754461 -2.96360197
 -3.78002551]
CS: 
Standalone Model:   [ 0.37605444  0.33556807  0.30800375  0.29230043  0.02076998 -0.40206963
 -0.40310615]
One-Layer SModel:   [-0.04726377 -0.16434865 -0.27988418 -0.39557955 -0.8559078  -1.89535976
 -2.36068449]
dRF_TOA:  
STandalone Model: 
[ 0.60280758  0.68095607  0.76029736  0.85419458  0.97865236  1.35272956
  1.802495  ]
One-Layer SModel:   [ 0.47656558  0.53951407  0.60634505  0.67286879  0.7916368   1.06824221
  1.41934102]
Ratio:  [ 1.26489954  1.26216554  1.25390215  1.26948165  1.23623909  1.26631353
  1.26995203]
SFC:
EM: 
Standalone Model:   [-1.49067903 -1.62945843 -1.81252813 -2.03444552 -2.45157957 -3.48034024
 -4.44319201]
One-Layer SModel:   [-1.8255837  -2.10022995 -2.4329037  -2.78367525 -3.64452866 -5.73048459
 -7.35359993]
CS: 
Standalone Model:   [-3.06502247 -3.42617321 -3.80162191 -4.27695322 -5.13896513 -7.15611315
 -9.24030972]
One-Layer SModel:   [-2.19746319 -2.51136553 -2.88994373 -3.29403353 -4.24329216 -6.5572912
 -8.43637485]
dRF_sfc:  
STandalone Model: 
[-1.57434249 -1.79671597 -1.98909521 -2.24250841 -2.68738556 -3.67577434
 -4.79711866]
One-Layer SModel:   [-0.37187949 -0.41113559 -0.45704004 -0.51035827 -0.59876351 -0.82680661
 -1.08277492]
Ratio:              [ 4.23347494  4.37013005  4.35212465  4.39398857  4.48822538  4.4457486
  4.4303932 ]



Eastern Africa
TOA:
EM: 
Standalone Model:   [-0.35331169 -0.36926222 -0.39951989 -0.48139238 -0.70979255 -1.17732966
 -1.42000794]
One-Layer SModel:   [-0.51542932 -0.52882162 -0.57366511 -0.66765474 -0.92856536 -1.47792813
 -1.80760468]
CS: 
Standalone Model:   [ 0.2108234   0.1986721   0.21299101  0.18265462  0.06392097 -0.20115849
 -0.12605765]
One-Layer SModel:   [-0.11746345 -0.12168544 -0.13443407 -0.18212366 -0.33935105 -0.72047132
 -0.81822554]
dRF_TOA:  
STandalone Model: 
[ 0.56413513  0.56793427  0.6125108   0.66404694  0.77371341  0.97617108
  1.29395044]
One-Layer SModel:   [ 0.39796587  0.40713617  0.43923104  0.48553108  0.58921431  0.75745681
  0.98937914]
Ratio:  [ 1.41754651  1.39494918  1.39450708  1.36767134  1.31312733  1.28874817
  1.30784083]
SFC:
EM: 
Standalone Model:   [-1.46149945 -1.48144352 -1.58137703 -1.71234465 -2.03732848 -2.65456557
 -3.39909863]
One-Layer SModel:   [-1.57476335 -1.59500507 -1.71157772 -1.88771089 -2.33440389 -3.21961318
 -4.10909363]
CS: 
Standalone Model:   [-3.38125753 -3.4221468  -3.6641295  -3.97800565 -4.6866889  -5.9893384
 -7.73286152]
One-Layer SModel:   [-2.09942792 -2.12624155 -2.28051917 -2.49998972 -3.03517842 -4.05689948
 -5.22949107]
dRF_sfc:  
STandalone Model: 
[-1.91975844 -1.94070411 -2.08275199 -2.26566124 -2.64936066 -3.33477306
 -4.33376217]
One-Layer SModel:   [-0.52466457 -0.53123648 -0.56894146 -0.61227883 -0.70077454 -0.83728629
 -1.12039744]
Ratio:              [ 3.65902052  3.65318305  3.66074921  3.70037496  3.78061776  3.98283488
  3.86805791]



Southern Africa
TOA:
EM: 
Standalone Model:   [-0.13033098 -0.1379267  -0.21436359 -0.36100611 -0.77546674 -1.51748025
 -1.83541965]
One-Layer SModel:   [-0.28601333 -0.28760947 -0.38073707 -0.56005319 -1.06656138 -2.02348851
 -2.42455646]
CS: 
Standalone Model:   [ 0.28586698  0.26216176  0.22854505  0.15775353 -0.09059179 -0.481002
 -0.61144859]
One-Layer SModel:   [-0.04156124 -0.04744928 -0.10832059 -0.2299694  -0.61635538 -1.33423365
 -1.59647683]
dRF_TOA:  
STandalone Model: 
[ 0.41619802  0.40008843  0.44290864  0.51875979  0.68487507  1.03647816
  1.22397113]
One-Layer SModel:   [ 0.24445209  0.2401602   0.27241648  0.33008379  0.450206    0.68925487
  0.82807963]
Ratio:  [ 1.70257497  1.66592314  1.62585111  1.57160031  1.52124822  1.50376619
  1.47808386]
SFC:
EM: 
Standalone Model:   [-0.97442013 -0.93719804 -1.04813814 -1.2418381  -1.74438798 -2.82737732
 -3.43755794]
One-Layer SModel:   [-0.99347041 -0.9691279  -1.12204118 -1.40256384 -2.16032677 -3.70686623
 -4.47925898]
CS: 
Standalone Model:   [-2.16308475 -2.08960629 -2.35231304 -2.78897333 -3.83413601 -5.92307091
 -7.0523448 ]
One-Layer SModel:   [-1.26670422 -1.23558101 -1.4134409  -1.73867677 -2.5953699  -4.36660702
 -5.28419562]
dRF_sfc:  
STandalone Model: 
[-1.18866432 -1.152408   -1.3041749  -1.54713523 -2.08974838 -3.09569454
 -3.61478662]
One-Layer SModel:   [-0.27323381 -0.2664531  -0.29139972 -0.33611293 -0.43504313 -0.65974079
 -0.80493664]
Ratio:              [ 4.35035596  4.32499371  4.47555308  4.6030221   4.80354296  4.69228916
  4.49077165]



Middle Africa
TOA:
EM: 
Standalone Model:   [ 0.05344503  0.01903422 -0.01615555 -0.16095075 -0.3788923  -0.71698707
 -0.74760854]
One-Layer SModel:   [-0.53731369 -0.61119752 -0.6922261  -0.93499709 -1.38105235 -2.34459294
 -2.78219233]
CS: 
Standalone Model:   [ 1.31008041  1.33860373  1.36868405  1.40325487  1.49849105  1.91363275
  2.49788857]
One-Layer SModel:   [ 0.25744683  0.24066374  0.22124201  0.12988237 -0.02750459 -0.3311003
 -0.32479034]
dRF_TOA:  
STandalone Model: 
[ 1.25663555  1.31956947  1.38483965  1.56420517  1.87738323  2.63061976
  3.24549842]
One-Layer SModel:   [ 0.79476052  0.85186126  0.91346811  1.06487946  1.35354777  2.01349263
  2.45740199]
Ratio:  [ 1.58114993  1.54904271  1.51602409  1.4689035   1.38700922  1.30649585
  1.3207031 ]
SFC:
EM: 
Standalone Model:   [-3.02685404 -3.12712193 -3.24369097 -3.53125167 -4.2309289  -6.0970726
 -7.37673569]
One-Layer SModel:   [-3.28081867 -3.4462274  -3.626459   -4.08121854 -5.1392365  -7.87917664
 -9.50991879]
CS: 
Standalone Model:   [ -6.63346386  -6.91195011  -7.19516754  -7.98421383  -9.58749676
 -13.43238544 -16.32329369]
One-Layer SModel:   [ -4.38833094  -4.60609842  -4.84188051  -5.41881945  -6.74600195
 -10.19694983 -12.35259882]
dRF_sfc:  
STandalone Model: 
[-3.60661125 -3.78482723 -3.95147729 -4.45296097 -5.35656595 -7.33531475
 -8.94656086]
One-Layer SModel:   [-1.10751227 -1.15987102 -1.21542151 -1.33760091 -1.60676545 -2.31777319
 -2.84268002]
Ratio:              [ 3.2564978   3.26314493  3.25111681  3.32906546  3.33375724  3.16481128
  3.14722754]



Pacific Warm Pool
TOA:
EM: 
Standalone Model:   [-1.35481918 -1.37327623 -1.4395678  -1.5534656  -1.6428169  -2.17865515
 -3.1783843 ]
One-Layer SModel:   [-1.55016626 -1.57744392 -1.65607638 -1.79761284 -1.90048842 -2.60670616
 -4.12619813]
CS: 
Standalone Model:   [-1.19626606 -1.19900954 -1.24692142 -1.32748461 -1.36582351 -1.61781716
 -1.80851328]
One-Layer SModel:   [-1.34761113 -1.35242203 -1.40599089 -1.5036802  -1.54000533 -1.96145746
 -2.82650026]
dRF_TOA:  
STandalone Model: 
[ 0.15855402  0.17426689  0.19264674  0.22598085  0.27699336  0.56083769
  1.36987042]
One-Layer SModel:   [ 0.20255513  0.22502189  0.25008549  0.29393264  0.36048309  0.6452487
  1.29969787]
Ratio:  [ 0.7827697   0.77444415  0.77032356  0.76881849  0.76839489  0.86918065
  1.05399143]
SFC:
EM: 
Standalone Model:   [-1.57554376 -1.62449074 -1.72293591 -1.89264429 -2.07207179 -3.04026175
 -5.17869377]
One-Layer SModel:   [-2.45738353 -2.53063306 -2.67601463 -2.93589981 -3.1742376  -4.620756
 -7.94957512]
CS: 
Standalone Model:   [ -3.16473889  -3.33884716  -3.59736896  -4.03615952  -4.58669853
  -7.32280445 -13.40231609]
One-Layer SModel:   [ -2.83311334  -2.94024714  -3.12297988  -3.44635866  -3.77096355
  -5.66348836 -10.13377495]
dRF_sfc:  
STandalone Model: 
[-1.58919489 -1.71435618 -1.87443197 -2.14351463 -2.51462817 -4.2825408
 -8.22362709]
One-Layer SModel:   [-0.37572981 -0.40961408 -0.44696525 -0.51045885 -0.59672595 -1.04273236
 -2.18419983]
Ratio:              [ 4.22962154  4.18529606  4.19368613  4.19919185  4.2140419   4.10703739
  3.76505253]



Arctic
TOA:
EM: 
Standalone Model:   [-0.11560135 -0.14049628 -0.17093931 -0.20279607 -0.2818962  -0.42087403
 -0.41408145]
One-Layer SModel:   [-0.04060339 -0.04604564 -0.05586094 -0.06700991 -0.09701966 -0.15186259
 -0.14969469]
CS: 
Standalone Model:   [ 0.00119826  0.01551531  0.00761956 -0.03629556 -0.11063893 -0.23162425
 -0.20088726]
One-Layer SModel:   [-0.00138684  0.00650514  0.00499895 -0.01099406 -0.04040075 -0.09378956
 -0.08446757]
dRF_TOA:  
STandalone Model: 
[ 0.1167996   0.15601149  0.1785592   0.16650042  0.17125726  0.18924962
  0.21319406]
One-Layer SModel:   [ 0.03921654  0.05255078  0.06085989  0.05601584  0.05661891  0.05807303
  0.06522712]
Ratio:  [ 2.97832463  2.96877612  2.93393895  2.97238086  3.02473623  3.25882129
  3.26848802]
SFC:
EM: 
Standalone Model:   [-0.15795566 -0.19723032 -0.23542154 -0.25241333 -0.31957769 -0.4443309
 -0.44647291]
One-Layer SModel:   [-0.091094   -0.11068551 -0.13135977 -0.13812662 -0.17688738 -0.25105586
 -0.25368384]
CS: 
Standalone Model:   [-0.37831205 -0.4980166  -0.58688378 -0.5935722  -0.67932272 -0.83529103
 -0.85615969]
One-Layer SModel:   [-0.1162348  -0.14299218 -0.16883757 -0.17150716 -0.21150316 -0.2898504
 -0.29604137]
dRF_sfc:  
STandalone Model: 
[-0.22035637 -0.30078736 -0.35146245 -0.34115902 -0.35974482 -0.39095971
 -0.40968642]
One-Layer SModel:   [-0.0251408  -0.03230666 -0.0374778  -0.03338054 -0.03461578 -0.03879454
 -0.04235753]
Ratio:              [  8.7648894    9.31038147   9.37788477  10.22029666  10.39250909
  10.0776989    9.67210365]



